london_bridge_19481797_2295892421.jpg 1.3966972715255368 -0.5246685579747187 428.2975730693012 0.9520236631083802 1.6355074098955453 -526.4611545883988 -0.000699906189221879 0.00013707216133100088 1.0
london_bridge_49190386_5209386933.jpg 1.2638400363868414 0.44611114724486073 -601.1439474816045 -0.36849290585260963 1.1180040070387316 209.19963599007252 -0.00023086460196238644 -0.0002133490846650774 1.0
london_bridge_78916675_4568141288.jpg 1.9248773060357518 -0.5342849661681727 -300.18352090764733 0.5953182636878568 1.5640055496536223 -839.3215825041941 -0.0002125121507407639 0.0004118930740533385 1.0
london_bridge_94185272_3874562886.jpg 1.6006849881449292 0.5383366957012548 -63.585756847340576 -0.5375870916466379 1.5487072767293528 -224.69211056762572 -0.0001632159768054395 -4.1570055281822865e-05 1.0
piazza_san_marco_06795901_3725050516.jpg 2.0445504507069825 0.7984504626994587 -259.15425520761494 -0.6793098478671699 2.1842814857029786 -235.60257634368574 8.895984342212195e-05 -0.0005772867980901348 1.0
piazza_san_marco_15148634_5228701572.jpg 1.6037171889471742 -0.2008035958032729 79.3981338471799 0.27817385583008647 1.7514696313032954 -245.04245022682244 -0.0004117347390120549 -0.00020439687567667386 1.0
piazza_san_marco_18627786_5929294590.jpg 0.9511530003852036 -0.08914503891979648 294.05344478344 0.18368548298480034 1.2485314132268803 117.65141428658156 -0.0006454314011288704 0.0005882855466448516 1.0
piazza_san_marco_58751010_4849458397.jpg 2.2556153921542954 0.10179847517961599 -397.46389141166367 0.028615313965893775 2.218276840887408 -277.09362852840485 -0.00027093464492949573 -0.0001060075180197412 1.0
st_pauls_cathedral_30776973_2635313996.jpg 1.625457962742938 -0.38774712703269965 237.7622593129339 0.061370493311091456 1.7722134824482159 -458.18057551262297 0.00041076857575991625 -0.0005728762444235707 1.0
st_pauls_cathedral_37347628_10902811376.jpg 1.8739059533549176 0.26560727870215806 -272.29858534550954 -0.7080178416862346 1.7527625110780716 -765.2342254724729 0.00046530333347268417 0.0002635508075009726 1.0
united_states_capitol_26757027_6717084061.jpg 1.770939139784164 0.6713660881807466 -837.676919493503 -0.2185384534285281 1.672687555983587 -234.63229094740962 -0.0002315303299163954 -0.0004797804796775725 1.0
united_states_capitol_98169888_3347710852.jpg 1.7518834511939387 -0.42126913166039004 -522.2551978004402 0.8038650871590657 1.2725675172696553 -341.2249881586499 -0.0010197576548338677 -8.224690752425962e-05 1.0
